$ANSIBLE_VAULT;1.1;AES256
35633066366530653939656434643230363530376534616562663332383336636663306639313738
6661613735396434353663383965393331363632653263390a623561303934636234346236303831
33646261393935643664626438623538313531393835613234633066633461613739363437386164
3334366631616334660a353265383461356437393331353338626466646561643464353566316533
33353530666466333265326536613933313761313765303934343832356465313562383961303536
66353738373564653333616435656436316638663666643538376131616135633337623863653630
34333563303739633966626333383838343837333736336662323136383237616166666534336261
35623161623263646361333438626565646135383865323562306666313832643630376163333865
36383761373735383463346464336232653763396366383262643834653763303462653632653333
65373864376163363835353166373761376631386631613338633034346131646130383263613862
37646332626137626430356636383863396366613264653439373539376533306439633738343161
39383539613636346165643166626563636236323262653438383736333232323338363336663265
61373235663231333136623834663963346562373861383039643932333639613864363463356134
61356634663064653961336232316338326434373737616464343236646465353034396635373339
65643135653339313037643134383234643364656632623431396331356537666536663362323061
37333566653765323936326430393831316564363063303265383136323839306364613165393733
61633835363032626361663266373434666334643165363038643163363133656366663530333561
39626564373861393366613437303164623430366339376561353962356365333039383332656232
32376132366337396165393932616261346165636135353532383238653664643731653163343735
33306162623465653336643836336330666366636266653734653765663864653235366366313337
31343636333461663635393335643164323435323435656531323532353437376630376266653163
37633061623437663937623734646633336236663030313164643838653366303530323739643233
66653565346432316563366233383630343339333261616331666637623636613462353163633136
33366631386463356164323466363437316263666663663539623037343764393332643932333230
3833
