$ANSIBLE_VAULT;1.1;AES256
37626635653738343561643164313530323238623331666462323733393031323162366138653764
6134326231366163333136663063376239356431313235620a663162333831646663383538386464
37336461656264626134343763343936663132646366643335633933333930313335396234383330
3738386666373632370a383831623461343831663335623933363130343339363231383237313863
34373163393237666639646630636539666639653939653963646632366235306538396166626137
39306233343938393463323639323837333135623165313566613762376561306633373866306530
61376335653837643235616433323332343737366361393636326436613666343336346464623461
30313638313132623261363761303531313638623031663833613031623136373339643635316237
63643834333663613631616232333430663330616531303232333837386330383936366636383938
32616563393464303461346431386634343933346539633033373262643265336263393865633035
31396433356566623733333361366236343830626232323737643333316631323335306332663739
33366565613532373462643338313835343639336165376338326332313433336662636362323838
66323034376431306461613662646265356639663432643034623937393432386637383333336662
38626638356535623137383939326634633231666435396431363561363532616633343630383134
31353566666438333835626666623339306165663663656530363762613139336234643639376338
32646662633832656366313061336263383135376664643635623835386331343438313265613963
38613134636435623864336561313436353931613137656264633238636533376634343131313130
39373166333164333962396430316439333062373735373831613964343932363035363461353061
61366630353031383537653561373639396130343637323237383135353961653261653731336464
65646533626639313734656630623361643366643061663862626563373730623466643433313730
38343937393433303933326134326436663966306665313038336230343532656166343665366561
33303039386261303232316662366232326234643166376563383732613763653936343939313061
35303332396264393961326562353166633634343163393935373233643735336335643538336131
62663661616533356161643439386530656465323631303235353330326138303130363237643161
6138
